149
149
149
150
150
151
152
152
150
147
143
140
138
137
138
140
144
148
152
154
154
153
152
151
151
152
154
155
155
153
149
146
144
143
143
142
139
134
128
122
117
114
114
115
118
121
124
128
129
130
131
134
139
146
152
157
159
159
156
153
150
147
143
139
134
128
124
122
122
125
127
129
130
129
127
125
123
121
119
118
118
117
116
115
115
116
118
121
124
129
132
135
135
133
131
130
129
129
129
129
127
123
120
118
118
123
129
135
141
145
148
147
145
141
136
130
124
116
108
101
96
92
88
86
86
89
91
93
93
93
93
93
94
96
99
100
98
95
93
93
96
102
109
117
123
128
131
133
136
139
142
142
140
137
134
132
130
128
126
126
128
131
134
135
136
136
137
137
137
138
137
136
134
131
129
128
128
129
130
132
132
131
129
129
132
136
139
141
141
141
140
139
136
132
128
127
126
127
128
129
129
128
126
123
121
120
118
116
114
112
109
108
110
113
117
120
119
115
112
110
110
112
113
114
113
110
107
105
103
104
106
107
108
108
108
107
107
107
107
108
109
108
107
104
102
100
99
102
108
116
123
127
128
129
130
131
133
134
135
134
132
130
128
125
125
126
128
130
134
138
143
147
152
156
161
163
165
165
163
158
154
151
151
154
159
162
164
163
160
158
157
157
157
157
157
156
153
149
146
143
143
144
147
150
152
152
152
151
151
153
156
161
163
163
158
150
142
135
129
126
125
124
124
122
120
120
120
122
124
126
127
127
128
130
134
138
143
149
153
154
153
151
148
145
142
140
141
141
140
135
130
126
123
120
120
121
123
123
122
119
117
116
118
121
125
127
126
124
121
118
117
118
121
125
128
130
133
134
133
131
129
127
126
123
120
118
118
119
121
125
130
137
143
146
145
141
137
135
134
132
129
124
116
107
98
91
87
86
85
86
86
88
88
88
87
88
91
93
94
94
93
93
94
95
97
101
107
114
121
125
126
128
129
131
134
135
136
134
130
126
124
123
124
126
129
131
132
133
133
134
135
138
141
144
145
145
145
144
141
136
131
128
127
127
128
130
131
133
134
137
141
144
146
144
141
137
133
132
132
134
135
134
131
126
121
119
119
121
122
122
122
121
119
116
114
113
113
114
114
114
112
109
106
106
108
110
113
115
114
111
107
104
103
103
104
106
107
106
103
101
100
99
100
100
101
101
102
103
104
105
107
110
114
118
120
121
120
119
120
123
127
131
133
133
130
125
121
119
120
125
131
137
142
145
147
148
148
149
152
156
161
164
164
163
162
161
161
163
167
171
173
170
167
164
161
160
161
164
167
167
165
161
157
153
152
152
153
154
155
157
158
160
162
165
168
169
167
162
156
150
145
141
139
139
137
135
130
124
118
113
111
111
115
121
127
131
133
134
136
139
143
147
149
150
149
146
142
138
137
137
137
136
134
131
128
125
122
119
117
116
115
116
116
117
116
114
113
113
114
115
114
112
110
111
114
119
124
129
133
134
131
126
121
118
117
117
118
118
118
118
119
122
126
131
136
140
143
144
144
142
138
133
129
125
120
113
106
98
92
87
85
84
85
86
87
86
84
82
81
82
84
86
86
85
83
83
85
90
96
103
109
114
118
122
125
126
127
128
129
130
131
133
134
134
133
132
132
132
134
137
139
141
141
143
146
150
153
155
154
150
144
138
134
132
132
134
136
138
139
140
140
140
142
144
147
149
150
150
148
145
141
139
137
136
136
135
132
128
126
125
126
127
127
127
125
122
119
116
114
113
113
114
114
115
114
115
115
114
113
113
113
113
112
109
107
107
107
107
107
107
105
102
98
95
94
94
97
99
101
103
104
104
103
102
102
105
109
114
118
122
124
125
123
121
120
120
121
121
121
121
121
122
124
127
132
138
143
145
146
147
148
151
155
158
163
166
168
168
168
168
170
171
172
171
171
171
171
171
171
171
172
173
172
169
165
160
156
154
154
157
161
165
167
168
167
166
164
164
164
165
166
164
160
155
150
146
142
137
131
125
120
117
115
113
113
114
116
120
124
129
133
135
137
138
139
139
139
139
139
139
137
134
132
131
130
129
127
124
120
116
114
115
115
115
115
114
113
109
105
102
100
99
100
102
105
109
112
115
118
120
121
122
122
122
121
119
116
113
111
112
113
115
117
118
120
124
129
135
139
142
144
143
141
137
134
131
126
121
114
108
102
99
97
95
94
91
89
88
88
88
87
85
82
79
77
76
77
80
82
86
90
94
99
103
107
110
113
116
118
121
123
126
129
132
132
131
130
129
128
126
126
128
133
138
143
145
147
147
146
145
144
143
143
142
140
137
135
135
134
135
135
136
137
140
141
142
144
146
148
149
150
150
149
146
142
138
135
134
133
133
132
132
131
130
128
127
125
124
122
120
118
117
116
116
117
117
117
117
116
115
112
111
110
111
112
114
117
119
118
114
109
104
102
101
101
102
104
104
102
99
96
94
95
98
101
103
106
108
110
112
115
119
121
123
123
122
122
121
120
119
120
121
124
127
129
131
133
135
137
139
141
145
150
154
157
159
162
166
171
174
176
175
173
171
171
174
177
180
183
184
184
183
180
177
173
170
168
168
168
168
168
167
166
165
163
164
166
169
172
173
172
171
169
168
167
167
165
160
154
147
140
133
128
123
120
118
116
115
114
115
118
121
125
128
130
131
132
133
134
134
135
137
138
138
135
131
126
122
119
120
121
122
123
122
119
116
113
110
108
106
103
100
97
94
94
96
99
102
104
106
109
112
114
116
117
117
115
114
113
113
112
109
107
106
107
110
115
120
126
131
134
135
137
139
141
142
141
137
131
125
119
113
109
105
104
103
102
100
97
95
92
89
87
85
84
82
78
75
75
76
80
83
86
89
91
91
92
95
101
108
115
121
125
127
127
126
124
123
122
123
125
127
128
129
131
134
136
140
144
147
148
147
145
143
142
142
142
142
141
141
139
136
134
135
138
142
145
147
150
152
153
153
153
152
152
151
149
145
141
138
136
136
137
139
140
140
138
133
129
125
124
124
126
129
130
127
121
115
111
111
112
115
117
119
119
117
115
114
113
114
115
115
114
111
108
106
104
103
103
102
102
101
99
97
94
93
93
97
103
108
111
111
111
111
112
113
116
118
119
119
118
117
117
118
122
125
128
129
128
127
126
127
130
134
141
147
153
157
160
160
159
157
158
161
166
170
173
174
175
175
176
177
179
181
181
180
177
173
170
170
170
171
170
169
166
163
161
161
162
164
166
169
172
173
173
172
171
171
170
168
164
159
151
142
133
126
123
122
122
122
121
119
115
113
114
118
124
128
130
131
132
133
134
135
135
134
132
130
127
125
124
125
126
127
127
127
126
124
120
115
110
106
103
101
100
100
99
98
97
98
101
106
111
114
116
117
118
117
115
114
114
114
113
112
110
108
107
108
111
115
122
128
133
136
137
138
140
141
141
140
137
132
126
119
115
114
115
116
115
113
110
104
97
91
86
85
85
86
86
84
81
78
76
75
76
78
83
87
89
92
95
100
106
112
117
120
121
120
117
116
117
118
121
123
126
128
129
130
130
132
136
140
143
145
145
144
143
141
140
139
139
139
139
138
136
133
132
134
138
144
150
154
155
153
150
147
145
145
147
149
151
149
145
140
137
136
136
137
137
137
136
136
134
132
130
129
127
126
124
121
119
116
114
114
115
117
118
118
117
115
112
111
111
114
116
118
117
114
110
106
103
103
103
102
99
97
95
93
93
94
98
102
106
109
111
110
108
106
106
107
109
113
117
120
122
120
118
116
115
116
119
122
125
126
128
130
133
138
142
146
148
149
149
150
151
153
157
162
166
169
171
172
173
174
175
175
176
178
180
179
177
173
170
169
170
171
171
169
166
162
158
157
161
166
172
176
178
178
177
175
173
172
169
165
160
154
148
143
139
135
131
126
123
120
119
117
116
117
120
123
127
130
134
135
135
132
130
130
130
129
129
129
129
130
129
129
129
130
129
128
126
122
118
113
107
102
99
98
98
99
98
97
98
101
104
108
112
115
117
116
115
113
111
111
110
109
108
107
106
105
105
108
114
120
127
133
137
139
138
136
133
132
133
134
134
132
129
127
125
122
120
117
115
111
107
103
99
96
94
93
93
90
86
82
78
75
75
76
79
83
87
92
97
100
103
106
109
113
116
118
119
119
120
119
119
119
121
125
128
132
134
134
133
134
137
142
147
150
151
149
145
142
139
137
136
136
138
141
143
144
144
145
146
147
148
150
152
154
154
154
153
152
150
149
149
148
145
142
139
139
140
142
143
143
142
140
136
133
130
129
128
127
126
124
122
120
118
117
116
115
115
115
115
116
116
116
115
115
116
117
118
116
112
107
102
98
95
94
95
97
99
100
99
99
99
100
101
101
102
103
105
107
109
111
113
113
113
113
113
113
112
112
112
114
118
123
127
129
129
130
131
132
135
139
144
147
148
148
148
151
156
160
164
167
169
170
170
170
172
174
175
177
177
177
177
176
174
170
166
163
